115 11111
44 11110110
73 11110101
84 111101001
53 111101000
107 11110111
10 111100
102 111010
13 111011
110 11100
105 11011
68 110101111
128 1101011100
79 110101101
66 110101100
121 110100
95 110011111
85 1100111101
58 11001110
77 01001011
147 1101011101
50 010010100
97 0110
62 01001001010
109 10111
9 1101010
106 0100100111
60 01001001011
83 01001000
117 01000
70 1100110110
76 0100100110
99 00101
82 001000101
35 001000000
80 0010000011
78 010010101
101 000
49 0010000010
118 00100001
63 001000100
51 001000110
98 001001
114 0011
67 1011001
45 001000111
75 0100100100
108 010011
116 0101
111 0111
226 1100111100
32 100
103 101000
119 1010010
72 11001100
38 1010011000
65 1010011001
112 10101
113 101001101
87 10100111
40 110011010
41 101100000
120 101100001
47 10110001
46 101101
100 11000
104 110010
48 1100110111
